4²⁰ BIBLIA germanica

111 1111111 111 11111111 1111111111 11111111111111111111111111 1111
1111311111111111 11111111 11 1111 111111111111111 111 111 1111111111
Ι1111111111 1111111111111111. 151 1111111. R, 11111111 111 111
11111 1111111111 Evae xyl. Infra 1111111111111ῗ1111111 1111111111111
111111111111111111111 1111111111111111111111111·’ἵε
. 11111 11111. 1111 1111 1111111111 11 11111 11 1111111111111111111111111
11 111 111111111 111 1111111111111 111111111111111111111111111111
111111111. 11 1111111 111111111 111 1111111111 11111111111111 11111111
11111 111, 1. 1151 col. 2.= 111111 111111111111111111 1111111111 111
111111 1111111111111111111111111 111-1111111 1111 1111111 111 111111

. 11111111111111111111111. F. 29603 1111 11 1111111111 ,146411 11111
1111 11111 11 111111111 11 1111111111 111111111111111111111111111111111.
1111111111111111111111 111111 11 111111111111111 111111 111 1111111
1111111111111111.11111111111111111 111111111111111. 111111. 1111. 111 111.
111111111 111 11111111 111111111111 111 11111111111111 1111111. 111111.

, 111 11111111 1111 11 1111111111 111 11 111-1111111111111.1111111111
1111111111111111. 1583111111 1111111111 1111 11111111111111. 1111
’1111 11111111111111 11 1111 11111111 11111111111111111111.111111111111111
11 1111111111111111. 1111111 1111 1111111-1111111111111111111111111

111 11111111111113111111111111 111 1111111. 1111111111. ,1111 1111
111.1111111111.111111.11111111111 111111 11 111111 11 11111111 111111
111111 1111111111 111111111111111 11111. 111 111 1111111111. 1111111111
1111 1111111 11111.111111111 111111 1111111-11111111 11 11111111111 111
111111 11111111111111111. 111111111 1111111111111111111111111111. 1111
111 11111111. 1111 1111111111111 111 11111-111111111111111 111111111111
1111 1111111111 1111 111 1111111 1111111111 11111111111111111111111
111111.1111111111111111111111111 111111-111111111111111 111 11 1111111
Ι11111. 111111111111111111 11 11 1111111111111 1111111 11111 11111

. 1111111111111111..111 111 1111111. 11111111111111111111111111 11111111
(1111111111 1111111111111111111111 11 111111 11111 1111111 1111111111111
111111111111111111111111111111111111 ΙΙ 111 11111111 1111111 1111 111111 111
1111111111. 1111 111 11111111 111111 111111111111 11111111111111111111

’ = 11111111111111111111.1111111111111111 11 11111111 111111111111111111111

11111111111111111111111ἓ111111. 11111. 11111. 11111 1111. ιι. ,

111111111111111111111111. ⁵ 111111 1111. 411. Ρ. 1. 4⁶7 ff. 1111414111
111 1111111111. 111 111. 11111. 1111 1. figg. 111.
111. 111 11111111111111111111111111111 ’

111111111111111. 1111 11111111 111 ⁴* 3139· · - 1. 1a (1111111111 ¹

11111111111111111111. 11111 1111 111111 111 1111111 111 11111111

111111111111 1111111111111111111111. 11111111111111111111111 1111111111 1

s.g. 011- 0· ιη· 2⁶⁰1· 501.583ff.c. 111 1111111111111111111111111111
. figg· ³71· 11111.Γ.71111111111111111111111.

nis Evae. Deiride: 1111 1111111111 111 1

x , *3 38.--Partes11. 111. 11111- 111111111111111111 111 111111 111

cat. F. 11 (o.fign. 1111. et n. H.): 1111 11111111. F· 399b: (]1 &in 1111 1111 1

11111111111111111111111111111111 111 1111111111 1111 11 111 1111111111
1111111111 111113111111111 11 1111111 111111111111111111111111111. 1111

’ 1111111111111111111111111111111 a (c. n. 111111 (11 1111 1111111 111 ζ

1111111 mh: 1111111111111111 1111111 11111-111111111111 111111
, 11113111111111111111111111111 1111 111 1111111111 11 11111111 1111111

11111111. 11 111111111111111111111 1111111111. 1111 11 1111111 1111311

1111111 11 11111 111111. 111 (c. n. 1111111 111111111111 111111111111111

tx.),post 1111. xy1.creanonemE 111111 6111111111111111 1111111111 1

vae repraesenta 1111111ύ11111. 111 111111 1111111111. 11111
. 11111111111111111 11111111111111

 

