mam germanica 111

111111111111111111111111111111. 111111 1111 1111111111 11111 1111111
11 1111 11111111111111111131111111 111 1111111 1111 1111111 11 etc. 1.
111111111111111111111111.11111111111111111111111 -
1111 111111111111111 1111111111111 111111111 111-11111111 111111. Ρ. 11.
11111111111111111111111111111 F· 1a 11111. F. 111 (11 1111111111
111111111111111111111111111
111111111111111111 111. F. 1141111, 11111 111111 111 1111111111 11 111
2· : 1111111111 11111111 111111 ῗ111111. 111 111111111111111111111111
11111111 11 111111111111111111 11 1111111111111111111 1111 11 ιιι . ,
1111 111 11111111. ΙΙ 1111 1111111 1111111. 111111 col. 2.= 11 111 1111
111111 1111111111 111 111111 11. 11 1111 1111111111 1111111111 1111111 111
M.CCCC.LXXVII. Infra zcon x I. 21111. P. 1111 vacat. F. 11 b: 011111
1.11111111111111111111111
11111 : 1111 1111111111111111111 (1111111111 111 111 111111 11111111
111 1111111111 11111111 11111111 11111111111111111111111111111. x
11111111111111111111111 111 11 1. 11111 1111111, 6111111111. 1111111111
31 1111111111111111111111111111111 111 11 1111111111 111 1111111111 11, 1111
1111111111. 11111111 11111111 1111111 1111111111 1111 11111111111111111111
11 111 111 111111. 111111 1111111 11111111111111 11111111. 1111
11111111 11 11111 ,1111111 1111111111 (q. n· clxxxxix) col· 1.·1. 111 (1
1111111111111111111111111111111111111111
111 1111111111111 1111111 11111111 11 11 (111111111111111111111111111
11111111 1111111111111111111111 ς11111111. 131111. n. cccxxxj.)
11 111111 1111111. 1111111111. 111 bcol 11 ν0111111111 1111 11111111
111 111111 111111111111111111111 111111 111111111111 1111111111 11111
111 13111 1111111 1111111111111111111111111111111111111111111111111 ,

[11111111. 1111111111 111111 1111 1111111111. ς1111111111111111 111111.
111111111111111111111 1111 11111111. 311111111111111 (11 Di} ·
1111. 11111 111111 111 1111 11. 111 1111111111111111111111111111111111
1111 111111111111111. 1111111111111 1111111. 11111111111111111111111111 ·
11111111 11111 1111111111 ,11111111 111 111111111111111111 1111111111

butd)=

1111111111. 1. 1111 1. (1111- 11111. 11111. 111 1111111111 111.
111 711. .,11111111111.)1111. 1111111111111111111111111111111,
551. 541 .·c. 11111111. 111 111111 1111. 111111111111111

...1. ..... 1... 1111111.11111111
111 111 1111111111 1111 111 111 11111 1111111111111111111111111111111 x
1111111111111111111111111111111111 111. 11 1111111111 1111111111 111 .
1111 111 111 111111 11111111111111 11111111111111111111111111 11111

111 11111111 1111111 1111111 11 1111111 111 111 1111111111111111111111111. .

1111 1111111111 1111111111111 111 1111111 1111 111 11111111 1111111.
1111111 1111111. F. 9 col. 1.: 111111 1111111111. 1111. ΙΙ 1111111111 111

111 11111111111111111111111111111 11111111111111 11 111111111111111 ,ι

11111111, F. 111 11111. F. 10b: (11 11111 11111111 11 1111111111111.1111
,1111 11111 11 111 1111111111 111111 111 1111111 11111 11 1111111111111 1111 .
111111 111 111111 11111. F. 11 a (c. n. 11111111111111111111 1111. 11111
1): (11 1111 11111 11 111111111111 1111111111111111111111111111111111.
111111111111111111111111111111111111 111111. 11. c. ff. n. 1111. 511. Ρ.

3111111111ἱωὶ u ς11111Ιὶ11111 1111111110θῖ non num. 11 320ff. num. 1

1111ῑὶ111111 111 1111111 1111111 1111111 Ρ. Η. loff. 1111111111. 331 finum..
11 11111111. ,fl 160 (c. 11. 11211 (3111 et 111111 num. c. 1111. mutual. 11·

11 11111111 11111111 111111 1111111111 1111111111. . ,
11 11 1111111 111111 111 111111 111111 * 3137· - -1.1α. 1111111111

11111

 

