BlBLIA in dialecto Saxon. inferioris ’111 “

11111111 1111 111111 11 1111111111111.111111. 111111111111111 1111 1111
13111111 111 11111 111111 111 ,11111 1111111111111111111111111 11111111
1111111111. 1111 111 1111 1111111111 111111111111111111111111111111111 1
1111111111111111111111 1111111111111111111 11
1111111. 11 (11 111 11111111 111 111111 11111111111111111111 1111111. 1111.
11111111111111111. F· 799b: (1111111 1111111 1111 111111111111111111.
11111111111111 111111 111 11 1111111 F. 11 (1. sign. 1. ij.): 111 11111111
11111111 11111111111111111 11111111 11111111111 111111111111111 111 11111
111111 1111111111111111111111111 111 111 11 1111111111 11111111111111111111 ⁴
1111. 11111111. 111111. 111111 11 111111 1111111. 1111 111111111111111111111111
11111 1111111 111111 1111111111 11 1111111. 111 1111111111111111111111111111(1111
-111111111 111 1111111111. 11 11111 111111111111111111111111111111111
11111111111111111111111111111111111. 11111111 1111111111. 11131111. 11
(fic) 111111111111-11111111. 1111111111 11111111111111111111 111111 f
11111111111111 111 11 11111111 11111111 111 11111111 111. 11 (1111111111111111
11111111111111111111.111111111111111111 111111 11111111 1111111111. f. 508b: -
11 11111.111111111111.1111 11111 11111111 (11111111111111111111111111ΙΙ1111
11 11111111 111111111111111111111111111 111111111111111111.1111111111 11111111
· 11 11111111111111111111111111111111111 1111111111111111111-1111111111111111
11 1111111111 1111111111111111111111 111. 11111111. 111111 111111 111111111
1111111 11111111 1111111111. 11111 111 111111111111111111111111.111111111111
11 1111111111111111111111111111111111 111 111111111111111111. 111111 11111 11111
11 1111111111111111111111 111 1111111111. 1111111 text 1111111111 11111111
11 111. 111 11111 1311111111. 11111111- 1111-111111111111111.11111 1111111111
111111111111111111111 111. 11111. 111111 111 111 1111 1111111111 11111 111 11111111. .
111. 111 111111 11111111 1111111111 111111 111 1111111. 1111111111 11111111
11 111 1111111111 1111111. 11111 11111. 111 111. 1111111111. 11111111111-1111111111
11 11111111111111111111111111, 111 11111111 111 1111111111 1111111111. 111
11 11 111111111111111 111111111111.,11 111111 11111. (11111111 11111111 1111111
1111111111 111. .n. 1111181. 11111111111111011) 11111111111111 ·
799116· ggstxyl. 1111111111111111111111111111. 11111 ,
-‚ 111 1111111 111111 111 11 1111111 111 ge:
*1111.--Ρ1111111.Ρ.1.1.111111 1111111. 11111111111111111 1111 11 11111
1111 111 1111 111 111111, F. 1111. 1111111111111111111111.11111111111111
fign. 1,.11. etnam. 11111 111 11111 11111111111111. 11111 11111111111111
an 1111111111 111 11 11111111111111111 11111. 11111 111.1 11111. 1111 111. 111

11111111111-11111111111111111111 111111 11 11111111 1111111111111. 111 · ’

1111 , 1111111111 111111 111 1111111111 1111111111 111111. 1111111111111111111

en. 11111111. term. verbo: 111. Id. 11111111111111111111111111. 111 11

f· ’1 term. verbo: 1111111111, ets. 111111111111111111 11111111-111111.

1111111111111111111111·1111111ι
legitur: 1111111111 Prol. term. s. 'gg. scyl: .

gb col. 2· l. 5.: 1111111. (Haec solia

in aliis exempl.,fic doefferunt: Μ 13141. - indialeeto Saxo-

α(ο.]ἰςη.α.1’].111111111.[11.)ι1111111111. inferior. Partes-H. P.

11111 111 1111111111 11111 11111, 111 1. ma (11111111111111.1 11111111 ·
111111111111111111111111111 ,11111 (1111111111 11111111 1111111111 111

pag. 11111. verbo: 111.. 1111. f. bex- 11 111111 111111 11 11 11 1111111

1111111-,11131111111111111. F. 11111111 111. F. 2a 111. 1. ἱ11111

41111111111111 11. F· 51111. 2. I. praefat. excipit tab. omnium 1111.

1· 111. 11 itur: 1111111ίὶ111. Prolog. bibl. F. 4111111 xyl. creationzs Ε-

explgf· 85 col· 1· Ι·,8·τ 111111.) F. 1111 11 iq margine ornam. 111.. 1111

9a 11111 sc l. crannonem Evae re· fra: 11111 1111111 &tuem 11111111

praes. 11111ε 1111 11111111. 1111111111 111 11 1111 111 11111111 111

11111 111 ΙΙ 1111 11111 111 1111111 1111111 1111111 11111 11111111. f. 1191111. ,

 

